49
57,275
63,219
84,169
117,121
164,89
216,65
271,59
328,63
381,88
426,125
463,168
480,221
489,276
480,330
458,384
425,425
381,458
328,484
273,489
214,485
161,461
116,428
83,382
63,333
116,223
146,278
114,329
147,167
209,167
241,217
206,272
240,112
397,164
333,166
302,115
429,225
397,277
336,276
304,223
430,329
305,439
334,382
398,386
241,437
214,382
240,333
302,328
145,382
271,275
63
1 2 82.5
1 24 -82.5
2 3 67.5
3 4 52.5
4 5 37.5
5 6 22.5
6 7 7.5
7 8 -7.5
8 9 -22.5
9 10 -37.5
10 11 -52.5
11 12 -67.5
12 13 -82.5
13 14 -97.5
14 15 -112.5
15 16 -127.5
16 17 -142.5
17 18 -157.5
18 19 -172.5
19 20 172.5
20 21 157.5
21 22 142.5
22 23 127.5
23 24 112.5
3 25 -60
25 26 -60
26 27 -120
27 23 -120
25 28 60
28 29 0
29 30 -60
30 31 -120
31 26 180
3 28 0
32 7 60
32 29 -120
7 35 -60
35 34 -60
34 33 0
33 11 0
33 36 -60
36 37 -120
37 38 180
38 39 120
39 34 60
11 36 -120
37 40 -60
40 15 -60
43 15 0
43 42 180
41 42 60
41 19 -120
42 47 120
47 46 180
46 45 -120
45 44 -60
44 41 0
19 44 120
45 48 180
48 23 180
26 45 -60
29 34 0
37 42 -120
